5.428447693510453e-5
0.00010827766931465132
0.00016571118819098927
0.00022567131513651407
0.0002886410204634706
0.0003551932099418817
0.00042523071571661837
0.0004990454432662831
0.000578340849088543
0.0006601511142029921
0.0007483537238607427
0.0008413364194281657
0.0009424304396311093
0.0010440374091534776
0.0011629492014937498
0.0012808369600913337
0.0014067231840357256
0.0015453901643346323
0.0016779213843806154
0.00183514404512129
0.00199597288689561
0.0021785814131679467
0.0023756230277906746
0.0025585858138770174
0.002779674802418484
0.002992917524501873
0.003233939056394831
0.0035122072879902604
0.003793127785870027
0.00407256995321096
0.004415592535848615
0.004732888769827935
0.005096572541019713
0.005508224658113134
0.005944950941145874
0.006385999990091416
0.006926188626664197
0.007439153781778013
0.008035119258972826
0.008697374681629174
